9780099494096
0679750533
9780385352109
9780307744661
0679775439
9780375726057
1564781968
9780393609097
9780380789030
9780060853983
0679722955
9781566892742
9781783781379
0452006651
9780316182379
9780316182393
9780316074230
0553227246
0670803731
9780060530921
0316920045
0393027570
0316919810
0670823171
0316925284
9780316010764
9780349111889
9780393339284
0064404188
9780374100148
9780060557812
0374521506
9780521691635
9780143108276
0679722920
9780393082845
0710009623
9780374203054
0140077022
9780679734529
9780385240871
9780330523622
0399504842
0399504885
0399504893
0679723161
0679723439
1563891719
9781563890
1563890895
1563890410
9781401229351
0930289595
1563890119
0553147617
9780679724490
9780441172719
9780393974997
9780375708442
0374135355
0385240880
9780385240864
1564784037
0140149929
9780143113485
9780062122681
067973225X
9780684826462
0226143295
0394743121
0553134329
9781400034710
9780156001267
9780330512398
0446363278
9780140268867
4062125366
0131103628
9784101001548
9784101001555
4770007981
9780141321011
9780140449679
9780520272934
0061020680
9780062237378
0198520115
0198129106
0631102612
0415253802
9780984115525