9780099494096
0679750533
9780385352109
9780307744661
0679775439
9780375726057
1564781968
9780393609097
9780380789030
9780060853983
0679722955
9781566892742
9781783781379
0452006651
9780316182379
9780316182393
9780316074230
0553227246
0670803731
9780060530921
0316920045
0393027570
0316919810
0670823171
0316925284
9780316010764
9780349111889
9780393339284
0064404188
9780374100148
9780060557812
0374521506
9780521691635
9780143108276
0679722920
9780393082845
0710009623
9780374203054
0140077022
9780679734529
9780385240871
9780330523622
0399504842
0399504885
0399504893
0679723161
0679723439
1563891719
9781563890
1563890895
1563890410
9781401229351
0930289595
1563890119
0553147617
9780679724490
9780441172719
9780393974997
9780375708442
0374135355
0385240880
9780385240864
1564784037
0140149929
9780143113485
9780062122681
067973225X
9780684826462
0226143295
0394743121
0553134329
9781400034710
9780156001267
9780330512398
0446363278
9780140268867
4062125366
0131103628
9784101001548
9784101001555
4770007981
9780141321011
9780140449679
9780520272934
0061020680
9780062237378
0198520115
0198129106
0631102612
0415253802
9780984115525
0471010901
0882950681
9780060256654
9781594203978
9780140449817
9780819575296
9780998169507
9780988719286
9780983889342
9781931824620
0321287134
012116053X
007054235X
0306447908
9780241951446
9781501125768
0394513940
9780670020928
9780399184413
0330312731
9780465023820
9780140445688
9780140431957
0394713400
9780802141323
9780393328790
0802150241
057108611X
188202222X
9780307960818
0061316865
9780226151311
0300028474
0834800829
0393019217
0394519922
7770020554
9780465011230
0393320693
4062573245
0471175706
0124575528
9027933855
0226104362
9780521377096
093237641X
0486654656
0024049603
9780521198110
0671836730
0553147056
0156838389
0525471812
9780393324112
9780983148012
9780872203495
0672307367